0,0.0,0.3333333333333333,0.0,1.0,0.0,1.0,0.0,0.0,0.0,0.0,0.10000000149011612
1,0.0,0.3333333333333333,0.1428571428571428,1.0,0.0,1.0,0.0,0.0,0.0,0.0,0.20110000669956207
2,0.0,0.3333333333333333,0.4285714285714285,1.0,0.0,1.0,0.0,0.0,0.0,0.0,0.2757999897003174
3,0.0,0.3333333333333333,1.0,1.0,0.0,1.0,0.0,0.0,0.0,0.0,0.37869998812675476
4,0.0,0.6666666666666666,0.0,1.0,0.0,1.0,0.0,0.0,0.0,0.0,0.19859999418258667
5,0.0,0.6666666666666666,0.1428571428571428,1.0,0.0,1.0,0.0,0.0,0.0,0.0,0.2727000117301941
6,0.0,0.6666666666666666,0.4285714285714285,1.0,0.0,1.0,0.0,0.0,0.0,0.0,0.33169999718666077
7,0.0,0.6666666666666666,1.0,1.0,0.0,1.0,0.0,0.0,0.0,0.0,0.31850001215934753
8,0.0,1.0,0.0,1.0,0.0,1.0,0.0,0.0,0.0,0.0,0.19859999418258667
9,0.0,1.0,0.1428571428571428,1.0,0.0,1.0,0.0,0.0,0.0,0.0,0.2727000117301941
10,0.0,1.0,0.4285714285714285,1.0,0.0,1.0,0.0,0.0,0.0,0.0,0.33169999718666077
11,0.0,1.0,1.0,1.0,0.0,1.0,0.0,0.0,0.0,0.0,0.31850001215934753
12,1.0,0.3333333333333333,0.0,1.0,0.0,1.0,0.0,0.0,0.0,0.0,0.10000000149011612
13,1.0,0.3333333333333333,0.1428571428571428,1.0,0.0,1.0,0.0,0.0,0.0,0.0,0.10000000149011612
14,1.0,0.3333333333333333,0.4285714285714285,1.0,0.0,1.0,0.0,0.0,0.0,0.0,0.10000000149011612
15,1.0,0.3333333333333333,1.0,1.0,0.0,1.0,0.0,0.0,0.0,0.0,0.1005999967455864
16,1.0,0.6666666666666666,0.0,1.0,0.0,1.0,0.0,0.0,0.0,0.0,0.10000000149011612
17,1.0,0.6666666666666666,0.1428571428571428,1.0,0.0,1.0,0.0,0.0,0.0,0.0,0.10000000149011612
18,1.0,0.6666666666666666,0.4285714285714285,1.0,0.0,1.0,0.0,0.0,0.0,0.0,0.09939999878406525
19,1.0,0.6666666666666666,1.0,1.0,0.0,1.0,0.0,0.0,0.0,0.0,0.10000000149011612
20,1.0,1.0,0.0,1.0,0.0,1.0,0.0,0.0,0.0,0.0,0.10000000149011612
21,1.0,1.0,0.1428571428571428,1.0,0.0,1.0,0.0,0.0,0.0,0.0,0.10000000149011612
22,1.0,1.0,0.4285714285714285,1.0,0.0,1.0,0.0,0.0,0.0,0.0,0.09939999878406525
23,1.0,1.0,1.0,1.0,0.0,1.0,0.0,0.0,0.0,0.0,0.10000000149011612
24,0.0,0.3333333333333333,0.0,1.0,0.0,0.0,1.0,0.0,0.0,0.0,0.20800000429153442
25,0.0,0.3333333333333333,0.1428571428571428,1.0,0.0,0.0,1.0,0.0,0.0,0.0,0.10000000149011612
26,0.0,0.3333333333333333,0.4285714285714285,1.0,0.0,0.0,1.0,0.0,0.0,0.0,0.1890999972820282
27,0.0,0.3333333333333333,1.0,1.0,0.0,0.0,1.0,0.0,0.0,0.0,0.35690000653266907
28,0.0,0.6666666666666666,0.0,1.0,0.0,0.0,1.0,0.0,0.0,0.0,0.20579999685287476
29,0.0,0.6666666666666666,0.1428571428571428,1.0,0.0,0.0,1.0,0.0,0.0,0.0,0.2078000009059906
30,0.0,0.6666666666666666,0.4285714285714285,1.0,0.0,0.0,1.0,0.0,0.0,0.0,0.20360000431537628
31,0.0,0.6666666666666666,1.0,1.0,0.0,0.0,1.0,0.0,0.0,0.0,0.27090001106262207
32,0.0,1.0,0.0,1.0,0.0,0.0,1.0,0.0,0.0,0.0,0.20579999685287476
33,0.0,1.0,0.1428571428571428,1.0,0.0,0.0,1.0,0.0,0.0,0.0,0.2078000009059906
34,0.0,1.0,0.4285714285714285,1.0,0.0,0.0,1.0,0.0,0.0,0.0,0.20360000431537628
35,0.0,1.0,1.0,1.0,0.0,0.0,1.0,0.0,0.0,0.0,0.27090001106262207
36,1.0,0.3333333333333333,0.0,1.0,0.0,0.0,1.0,0.0,0.0,0.0,0.10000000149011612
37,1.0,0.3333333333333333,0.1428571428571428,1.0,0.0,0.0,1.0,0.0,0.0,0.0,0.0997999981045723
38,1.0,0.3333333333333333,0.4285714285714285,1.0,0.0,0.0,1.0,0.0,0.0,0.0,0.10000000149011612
39,1.0,0.3333333333333333,1.0,1.0,0.0,0.0,1.0,0.0,0.0,0.0,0.1005999967455864
40,1.0,0.6666666666666666,0.0,1.0,0.0,0.0,1.0,0.0,0.0,0.0,0.09780000150203705
41,1.0,0.6666666666666666,0.1428571428571428,1.0,0.0,0.0,1.0,0.0,0.0,0.0,0.10000000149011612
42,1.0,0.6666666666666666,0.4285714285714285,1.0,0.0,0.0,1.0,0.0,0.0,0.0,0.1005999967455864
43,1.0,0.6666666666666666,1.0,1.0,0.0,0.0,1.0,0.0,0.0,0.0,0.1152999997138977
44,1.0,1.0,0.0,1.0,0.0,0.0,1.0,0.0,0.0,0.0,0.10000000149011612
45,1.0,1.0,0.1428571428571428,1.0,0.0,0.0,1.0,0.0,0.0,0.0,0.10000000149011612
46,1.0,1.0,0.4285714285714285,1.0,0.0,0.0,1.0,0.0,0.0,0.0,0.1005999967455864
47,1.0,1.0,1.0,1.0,0.0,0.0,1.0,0.0,0.0,0.0,0.1152999997138977
48,0.0,0.3333333333333333,0.0,1.0,0.0,0.0,0.0,1.0,0.0,0.0,0.2605000138282776
49,0.0,0.3333333333333333,0.1428571428571428,1.0,0.0,0.0,0.0,1.0,0.0,0.0,0.3522000014781952
50,0.0,0.3333333333333333,0.4285714285714285,1.0,0.0,0.0,0.0,1.0,0.0,0.0,0.4101000130176544
51,0.0,0.3333333333333333,1.0,1.0,0.0,0.0,0.0,1.0,0.0,0.0,0.45590001344680786
52,0.0,0.6666666666666666,0.0,1.0,0.0,0.0,0.0,1.0,0.0,0.0,0.3804999887943268
53,0.0,0.6666666666666666,0.1428571428571428,1.0,0.0,0.0,0.0,1.0,0.0,0.0,0.4401000142097473
54,0.0,0.6666666666666666,0.4285714285714285,1.0,0.0,0.0,0.0,1.0,0.0,0.0,0.4580000042915344
55,0.0,0.6666666666666666,1.0,1.0,0.0,0.0,0.0,1.0,0.0,0.0,0.4587000012397766
56,0.0,1.0,0.0,1.0,0.0,0.0,0.0,1.0,0.0,0.0,0.3804999887943268
57,0.0,1.0,0.1428571428571428,1.0,0.0,0.0,0.0,1.0,0.0,0.0,0.4401000142097473
58,0.0,1.0,0.4285714285714285,1.0,0.0,0.0,0.0,1.0,0.0,0.0,0.4580000042915344
59,0.0,1.0,1.0,1.0,0.0,0.0,0.0,1.0,0.0,0.0,0.4587000012397766
60,1.0,0.3333333333333333,0.0,1.0,0.0,0.0,0.0,1.0,0.0,0.0,0.10000000149011612
61,1.0,0.3333333333333333,0.1428571428571428,1.0,0.0,0.0,0.0,1.0,0.0,0.0,0.10000000149011612
62,1.0,0.3333333333333333,0.4285714285714285,1.0,0.0,0.0,0.0,1.0,0.0,0.0,0.14059999585151672
63,1.0,0.3333333333333333,1.0,1.0,0.0,0.0,0.0,1.0,0.0,0.0,0.1527000069618225
64,1.0,0.6666666666666666,0.0,1.0,0.0,0.0,0.0,1.0,0.0,0.0,0.14880000054836273
65,1.0,0.6666666666666666,0.1428571428571428,1.0,0.0,0.0,0.0,1.0,0.0,0.0,0.10000000149011612
66,1.0,0.6666666666666666,0.4285714285714285,1.0,0.0,0.0,0.0,1.0,0.0,0.0,0.16740000247955322
67,1.0,0.6666666666666666,1.0,1.0,0.0,0.0,0.0,1.0,0.0,0.0,0.15279999375343323
68,1.0,1.0,0.0,1.0,0.0,0.0,0.0,1.0,0.0,0.0,0.14949999749660492
69,1.0,1.0,0.1428571428571428,1.0,0.0,0.0,0.0,1.0,0.0,0.0,0.10000000149011612
70,1.0,1.0,0.4285714285714285,1.0,0.0,0.0,0.0,1.0,0.0,0.0,0.16740000247955322
71,1.0,1.0,1.0,1.0,0.0,0.0,0.0,1.0,0.0,0.0,0.15279999375343323
72,0.0,0.0,0.0,1.0,0.0,0.0,0.0,0.0,1.0,0.0,0.2012999951839447
73,0.0,0.0,0.1428571428571428,1.0,0.0,0.0,0.0,0.0,1.0,0.0,0.20160000026226044
74,0.0,0.0,0.4285714285714285,1.0,0.0,0.0,0.0,0.0,1.0,0.0,0.33309999108314514
75,0.0,0.0,1.0,1.0,0.0,0.0,0.0,0.0,1.0,0.0,0.448199987411499
76,0.0,0.3333333333333333,0.0,1.0,0.0,0.0,0.0,0.0,1.0,0.0,0.10000000149011612
77,0.0,0.3333333333333333,0.1428571428571428,1.0,0.0,0.0,0.0,0.0,1.0,0.0,0.314300000667572
78,0.0,0.3333333333333333,0.4285714285714285,1.0,0.0,0.0,0.0,0.0,1.0,0.0,0.3774999976158142
79,0.0,0.3333333333333333,1.0,1.0,0.0,0.0,0.0,0.0,1.0,0.0,0.3431999981403351
80,0.0,0.6666666666666666,0.0,1.0,0.0,0.0,0.0,0.0,1.0,0.0,0.10000000149011612
81,0.0,0.6666666666666666,0.1428571428571428,1.0,0.0,0.0,0.0,0.0,1.0,0.0,0.20160000026226044
82,0.0,0.6666666666666666,0.4285714285714285,1.0,0.0,0.0,0.0,0.0,1.0,0.0,0.33309999108314514
83,0.0,0.6666666666666666,1.0,1.0,0.0,0.0,0.0,0.0,1.0,0.0,0.448199987411499
84,0.0,1.0,0.0,1.0,0.0,0.0,0.0,0.0,1.0,0.0,0.10000000149011612
85,0.0,1.0,0.1428571428571428,1.0,0.0,0.0,0.0,0.0,1.0,0.0,0.20160000026226044
86,0.0,1.0,0.4285714285714285,1.0,0.0,0.0,0.0,0.0,1.0,0.0,0.33309999108314514
87,0.0,1.0,1.0,1.0,0.0,0.0,0.0,0.0,1.0,0.0,0.448199987411499
88,1.0,0.0,0.0,1.0,0.0,0.0,0.0,0.0,1.0,0.0,0.10000000149011612
89,1.0,0.0,0.1428571428571428,1.0,0.0,0.0,0.0,0.0,1.0,0.0,0.10000000149011612
90,1.0,0.0,0.4285714285714285,1.0,0.0,0.0,0.0,0.0,1.0,0.0,0.10000000149011612
91,1.0,0.0,1.0,1.0,0.0,0.0,0.0,0.0,1.0,0.0,0.09969999641180038
92,1.0,0.3333333333333333,0.0,1.0,0.0,0.0,0.0,0.0,1.0,0.0,0.10000000149011612
93,1.0,0.3333333333333333,0.1428571428571428,1.0,0.0,0.0,0.0,0.0,1.0,0.0,0.10019999742507935
94,1.0,0.3333333333333333,0.4285714285714285,1.0,0.0,0.0,0.0,0.0,1.0,0.0,0.10000000149011612
95,1.0,0.3333333333333333,1.0,1.0,0.0,0.0,0.0,0.0,1.0,0.0,0.10000000149011612
96,1.0,0.6666666666666666,0.0,1.0,0.0,0.0,0.0,0.0,1.0,0.0,0.10000000149011612
97,1.0,0.6666666666666666,0.1428571428571428,1.0,0.0,0.0,0.0,0.0,1.0,0.0,0.10000000149011612
98,1.0,0.6666666666666666,0.4285714285714285,1.0,0.0,0.0,0.0,0.0,1.0,0.0,0.10000000149011612
99,1.0,0.6666666666666666,1.0,1.0,0.0,0.0,0.0,0.0,1.0,0.0,0.09969999641180038
100,1.0,1.0,0.0,1.0,0.0,0.0,0.0,0.0,1.0,0.0,0.10000000149011612
101,1.0,1.0,0.1428571428571428,1.0,0.0,0.0,0.0,0.0,1.0,0.0,0.10000000149011612
102,1.0,1.0,0.4285714285714285,1.0,0.0,0.0,0.0,0.0,1.0,0.0,0.10000000149011612
103,1.0,1.0,1.0,1.0,0.0,0.0,0.0,0.0,1.0,0.0,0.09969999641180038
104,0.0,0.3333333333333333,0.0,1.0,0.0,0.0,0.0,0.0,0.0,1.0,0.19269999861717224
105,0.0,0.3333333333333333,0.1428571428571428,1.0,0.0,0.0,0.0,0.0,0.0,1.0,0.33469998836517334
106,0.0,0.3333333333333333,0.4285714285714285,1.0,0.0,0.0,0.0,0.0,0.0,1.0,0.39320001006126404
107,0.0,0.3333333333333333,1.0,1.0,0.0,0.0,0.0,0.0,0.0,1.0,0.4537000060081482
108,0.0,0.6666666666666666,0.0,1.0,0.0,0.0,0.0,0.0,0.0,1.0,0.29100000858306885
109,0.0,0.6666666666666666,0.1428571428571428,1.0,0.0,0.0,0.0,0.0,0.0,1.0,0.361299991607666
110,0.0,0.6666666666666666,0.4285714285714285,1.0,0.0,0.0,0.0,0.0,0.0,1.0,0.3871999979019165
111,0.0,0.6666666666666666,1.0,1.0,0.0,0.0,0.0,0.0,0.0,1.0,0.4431999921798706
112,0.0,1.0,0.0,1.0,0.0,0.0,0.0,0.0,0.0,1.0,0.29100000858306885
113,0.0,1.0,0.1428571428571428,1.0,0.0,0.0,0.0,0.0,0.0,1.0,0.361299991607666
114,0.0,1.0,0.4285714285714285,1.0,0.0,0.0,0.0,0.0,0.0,1.0,0.3871999979019165
115,0.0,1.0,1.0,1.0,0.0,0.0,0.0,0.0,0.0,1.0,0.4431999921798706
116,1.0,0.3333333333333333,0.0,1.0,0.0,0.0,0.0,0.0,0.0,1.0,0.10000000149011612
117,1.0,0.3333333333333333,0.1428571428571428,1.0,0.0,0.0,0.0,0.0,0.0,1.0,0.10000000149011612
118,1.0,0.3333333333333333,0.4285714285714285,1.0,0.0,0.0,0.0,0.0,0.0,1.0,0.10000000149011612
119,1.0,0.3333333333333333,1.0,1.0,0.0,0.0,0.0,0.0,0.0,1.0,0.125
120,1.0,0.6666666666666666,0.0,1.0,0.0,0.0,0.0,0.0,0.0,1.0,0.10000000149011612
121,1.0,0.6666666666666666,0.1428571428571428,1.0,0.0,0.0,0.0,0.0,0.0,1.0,0.10000000149011612
122,1.0,0.6666666666666666,0.4285714285714285,1.0,0.0,0.0,0.0,0.0,0.0,1.0,0.10000000149011612
123,1.0,0.6666666666666666,1.0,1.0,0.0,0.0,0.0,0.0,0.0,1.0,0.17350000143051147
124,1.0,1.0,0.0,1.0,0.0,0.0,0.0,0.0,0.0,1.0,0.10000000149011612
125,1.0,1.0,0.1428571428571428,1.0,0.0,0.0,0.0,0.0,0.0,1.0,0.10000000149011612
126,1.0,1.0,0.4285714285714285,1.0,0.0,0.0,0.0,0.0,0.0,1.0,0.10000000149011612
127,1.0,1.0,1.0,1.0,0.0,0.0,0.0,0.0,0.0,1.0,0.17350000143051147
128,0.0,0.3333333333333333,0.0,0.0,1.0,1.0,0.0,0.0,0.0,0.0,0.26750001311302185
129,0.0,0.3333333333333333,0.1428571428571428,0.0,1.0,1.0,0.0,0.0,0.0,0.0,0.3562999963760376
130,0.0,0.3333333333333333,0.4285714285714285,0.0,1.0,1.0,0.0,0.0,0.0,0.0,0.4244000017642975
131,0.0,0.3333333333333333,1.0,0.0,1.0,1.0,0.0,0.0,0.0,0.0,0.4560000002384186
132,0.0,0.6666666666666666,0.0,0.0,1.0,1.0,0.0,0.0,0.0,0.0,0.326200008392334
133,0.0,0.6666666666666666,0.1428571428571428,0.0,1.0,1.0,0.0,0.0,0.0,0.0,0.3327000141143799
134,0.0,0.6666666666666666,0.4285714285714285,0.0,1.0,1.0,0.0,0.0,0.0,0.0,0.41690000891685486
135,0.0,0.6666666666666666,1.0,0.0,1.0,1.0,0.0,0.0,0.0,0.0,0.45910000801086426
136,0.0,1.0,0.0,0.0,1.0,1.0,0.0,0.0,0.0,0.0,0.326200008392334
137,0.0,1.0,0.1428571428571428,0.0,1.0,1.0,0.0,0.0,0.0,0.0,0.3327000141143799
138,0.0,1.0,0.4285714285714285,0.0,1.0,1.0,0.0,0.0,0.0,0.0,0.41690000891685486
139,0.0,1.0,1.0,0.0,1.0,1.0,0.0,0.0,0.0,0.0,0.45910000801086426
140,1.0,0.3333333333333333,0.0,0.0,1.0,1.0,0.0,0.0,0.0,0.0,0.15629999339580536
141,1.0,0.3333333333333333,0.1428571428571428,0.0,1.0,1.0,0.0,0.0,0.0,0.0,0.16769999265670776
142,1.0,0.3333333333333333,0.4285714285714285,0.0,1.0,1.0,0.0,0.0,0.0,0.0,0.17720000445842743
143,1.0,0.3333333333333333,1.0,0.0,1.0,1.0,0.0,0.0,0.0,0.0,0.22450000047683716
144,1.0,0.6666666666666666,0.0,0.0,1.0,1.0,0.0,0.0,0.0,0.0,0.09860000014305115
145,1.0,0.6666666666666666,0.1428571428571428,0.0,1.0,1.0,0.0,0.0,0.0,0.0,0.1023000031709671
146,1.0,0.6666666666666666,0.4285714285714285,0.0,1.0,1.0,0.0,0.0,0.0,0.0,0.15320000052452087
147,1.0,0.6666666666666666,1.0,0.0,1.0,1.0,0.0,0.0,0.0,0.0,0.16089999675750732
148,1.0,1.0,0.0,0.0,1.0,1.0,0.0,0.0,0.0,0.0,0.09969999641180038
149,1.0,1.0,0.1428571428571428,0.0,1.0,1.0,0.0,0.0,0.0,0.0,0.1023000031709671
150,1.0,1.0,0.4285714285714285,0.0,1.0,1.0,0.0,0.0,0.0,0.0,0.15320000052452087
151,1.0,1.0,1.0,0.0,1.0,1.0,0.0,0.0,0.0,0.0,0.16089999675750732
152,0.0,0.3333333333333333,0.0,0.0,1.0,0.0,1.0,0.0,0.0,0.0,0.3370000123977661
153,0.0,0.3333333333333333,0.1428571428571428,0.0,1.0,0.0,1.0,0.0,0.0,0.0,0.38019999861717224
154,0.0,0.3333333333333333,0.4285714285714285,0.0,1.0,0.0,1.0,0.0,0.0,0.0,0.44670000672340393
155,0.0,0.3333333333333333,1.0,0.0,1.0,0.0,1.0,0.0,0.0,0.0,0.4602999985218048
156,0.0,0.6666666666666666,0.0,0.0,1.0,0.0,1.0,0.0,0.0,0.0,0.3393000066280365
157,0.0,0.6666666666666666,0.1428571428571428,0.0,1.0,0.0,1.0,0.0,0.0,0.0,0.34549999237060547
158,0.0,0.6666666666666666,0.4285714285714285,0.0,1.0,0.0,1.0,0.0,0.0,0.0,0.4189000129699707
159,0.0,0.6666666666666666,1.0,0.0,1.0,0.0,1.0,0.0,0.0,0.0,0.41040000319480896
160,0.0,1.0,0.0,0.0,1.0,0.0,1.0,0.0,0.0,0.0,0.3393000066280365
161,0.0,1.0,0.1428571428571428,0.0,1.0,0.0,1.0,0.0,0.0,0.0,0.34549999237060547
162,0.0,1.0,0.4285714285714285,0.0,1.0,0.0,1.0,0.0,0.0,0.0,0.4189000129699707
163,0.0,1.0,1.0,0.0,1.0,0.0,1.0,0.0,0.0,0.0,0.41040000319480896
164,1.0,0.3333333333333333,0.0,0.0,1.0,0.0,1.0,0.0,0.0,0.0,0.13580000400543213
165,1.0,0.3333333333333333,0.1428571428571428,0.0,1.0,0.0,1.0,0.0,0.0,0.0,0.1941000074148178
166,1.0,0.3333333333333333,0.4285714285714285,0.0,1.0,0.0,1.0,0.0,0.0,0.0,0.1907999962568283
167,1.0,0.3333333333333333,1.0,0.0,1.0,0.0,1.0,0.0,0.0,0.0,0.21080000698566437
168,1.0,0.6666666666666666,0.0,0.0,1.0,0.0,1.0,0.0,0.0,0.0,0.15610000491142273
169,1.0,0.6666666666666666,0.1428571428571428,0.0,1.0,0.0,1.0,0.0,0.0,0.0,0.1257999986410141
170,1.0,0.6666666666666666,0.4285714285714285,0.0,1.0,0.0,1.0,0.0,0.0,0.0,0.15299999713897705
171,1.0,0.6666666666666666,1.0,0.0,1.0,0.0,1.0,0.0,0.0,0.0,0.15710000693798065
172,1.0,1.0,0.0,0.0,1.0,0.0,1.0,0.0,0.0,0.0,0.15700000524520874
173,1.0,1.0,0.1428571428571428,0.0,1.0,0.0,1.0,0.0,0.0,0.0,0.1257999986410141
174,1.0,1.0,0.4285714285714285,0.0,1.0,0.0,1.0,0.0,0.0,0.0,0.15299999713897705
175,1.0,1.0,1.0,0.0,1.0,0.0,1.0,0.0,0.0,0.0,0.15710000693798065
176,0.0,0.3333333333333333,0.0,0.0,1.0,0.0,0.0,1.0,0.0,0.0,0.361299991607666
177,0.0,0.3333333333333333,0.1428571428571428,0.0,1.0,0.0,0.0,1.0,0.0,0.0,0.4278999865055084
178,0.0,0.3333333333333333,0.4285714285714285,0.0,1.0,0.0,0.0,1.0,0.0,0.0,0.4747999906539917
179,0.0,0.3333333333333333,1.0,0.0,1.0,0.0,0.0,1.0,0.0,0.0,0.48399999737739563
180,0.0,0.6666666666666666,0.0,0.0,1.0,0.0,0.0,1.0,0.0,0.0,0.4374000132083893
181,0.0,0.6666666666666666,0.1428571428571428,0.0,1.0,0.0,0.0,1.0,0.0,0.0,0.4797999858856201
182,0.0,0.6666666666666666,0.4285714285714285,0.0,1.0,0.0,0.0,1.0,0.0,0.0,0.4733000099658966
183,0.0,0.6666666666666666,1.0,0.0,1.0,0.0,0.0,1.0,0.0,0.0,0.47290000319480896
184,0.0,1.0,0.0,0.0,1.0,0.0,0.0,1.0,0.0,0.0,0.4374000132083893
185,0.0,1.0,0.1428571428571428,0.0,1.0,0.0,0.0,1.0,0.0,0.0,0.4797999858856201
186,0.0,1.0,0.4285714285714285,0.0,1.0,0.0,0.0,1.0,0.0,0.0,0.4733000099658966
187,0.0,1.0,1.0,0.0,1.0,0.0,0.0,1.0,0.0,0.0,0.47290000319480896
188,1.0,0.3333333333333333,0.0,0.0,1.0,0.0,0.0,1.0,0.0,0.0,0.16660000383853912
189,1.0,0.3333333333333333,0.1428571428571428,0.0,1.0,0.0,0.0,1.0,0.0,0.0,0.18880000710487366
190,1.0,0.3333333333333333,0.4285714285714285,0.0,1.0,0.0,0.0,1.0,0.0,0.0,0.23549999296665192
191,1.0,0.3333333333333333,1.0,0.0,1.0,0.0,0.0,1.0,0.0,0.0,0.2443999946117401
192,1.0,0.6666666666666666,0.0,0.0,1.0,0.0,0.0,1.0,0.0,0.0,0.1582999974489212
193,1.0,0.6666666666666666,0.1428571428571428,0.0,1.0,0.0,0.0,1.0,0.0,0.0,0.17910000681877136
194,1.0,0.6666666666666666,0.4285714285714285,0.0,1.0,0.0,0.0,1.0,0.0,0.0,0.21570000052452087
195,1.0,0.6666666666666666,1.0,0.0,1.0,0.0,0.0,1.0,0.0,0.0,0.17599999904632568
196,1.0,1.0,0.0,0.0,1.0,0.0,0.0,1.0,0.0,0.0,0.16509999334812164
197,1.0,1.0,0.1428571428571428,0.0,1.0,0.0,0.0,1.0,0.0,0.0,0.17910000681877136
198,1.0,1.0,0.4285714285714285,0.0,1.0,0.0,0.0,1.0,0.0,0.0,0.21570000052452087
199,1.0,1.0,1.0,0.0,1.0,0.0,0.0,1.0,0.0,0.0,0.17599999904632568
200,0.0,0.0,0.0,0.0,1.0,0.0,0.0,0.0,1.0,0.0,0.3467000126838684
201,0.0,0.0,0.1428571428571428,0.0,1.0,0.0,0.0,0.0,1.0,0.0,0.3984000086784363
202,0.0,0.0,0.4285714285714285,0.0,1.0,0.0,0.0,0.0,1.0,0.0,0.4269999861717224
203,0.0,0.0,1.0,0.0,1.0,0.0,0.0,0.0,1.0,0.0,0.4560000002384186
204,0.0,0.3333333333333333,0.0,0.0,1.0,0.0,0.0,0.0,1.0,0.0,0.20399999618530273
205,0.0,0.3333333333333333,0.1428571428571428,0.0,1.0,0.0,0.0,0.0,1.0,0.0,0.357699990272522
206,0.0,0.3333333333333333,0.4285714285714285,0.0,1.0,0.0,0.0,0.0,1.0,0.0,0.43290001153945923
207,0.0,0.3333333333333333,1.0,0.0,1.0,0.0,0.0,0.0,1.0,0.0,0.4587000012397766
208,0.0,0.6666666666666666,0.0,0.0,1.0,0.0,0.0,0.0,1.0,0.0,0.33899998664855957
209,0.0,0.6666666666666666,0.1428571428571428,0.0,1.0,0.0,0.0,0.0,1.0,0.0,0.3984000086784363
210,0.0,0.6666666666666666,0.4285714285714285,0.0,1.0,0.0,0.0,0.0,1.0,0.0,0.4269999861717224
211,0.0,0.6666666666666666,1.0,0.0,1.0,0.0,0.0,0.0,1.0,0.0,0.4560000002384186
212,0.0,1.0,0.0,0.0,1.0,0.0,0.0,0.0,1.0,0.0,0.33899998664855957
213,0.0,1.0,0.1428571428571428,0.0,1.0,0.0,0.0,0.0,1.0,0.0,0.3984000086784363
214,0.0,1.0,0.4285714285714285,0.0,1.0,0.0,0.0,0.0,1.0,0.0,0.4269999861717224
215,0.0,1.0,1.0,0.0,1.0,0.0,0.0,0.0,1.0,0.0,0.4560000002384186
216,1.0,0.0,0.0,0.0,1.0,0.0,0.0,0.0,1.0,0.0,0.09669999778270721
217,1.0,0.0,0.1428571428571428,0.0,1.0,0.0,0.0,0.0,1.0,0.0,0.16120000183582306
218,1.0,0.0,0.4285714285714285,0.0,1.0,0.0,0.0,0.0,1.0,0.0,0.16259999573230743
219,1.0,0.0,1.0,0.0,1.0,0.0,0.0,0.0,1.0,0.0,0.1597999930381775
220,1.0,0.3333333333333333,0.0,0.0,1.0,0.0,0.0,0.0,1.0,0.0,0.15719999372959137
221,1.0,0.3333333333333333,0.1428571428571428,0.0,1.0,0.0,0.0,0.0,1.0,0.0,0.16680000722408295
222,1.0,0.3333333333333333,0.4285714285714285,0.0,1.0,0.0,0.0,0.0,1.0,0.0,0.18559999763965607
223,1.0,0.3333333333333333,1.0,0.0,1.0,0.0,0.0,0.0,1.0,0.0,0.2354000061750412
224,1.0,0.6666666666666666,0.0,0.0,1.0,0.0,0.0,0.0,1.0,0.0,0.1315000057220459
225,1.0,0.6666666666666666,0.1428571428571428,0.0,1.0,0.0,0.0,0.0,1.0,0.0,0.16120000183582306
226,1.0,0.6666666666666666,0.4285714285714285,0.0,1.0,0.0,0.0,0.0,1.0,0.0,0.16259999573230743
227,1.0,0.6666666666666666,1.0,0.0,1.0,0.0,0.0,0.0,1.0,0.0,0.1597999930381775
228,1.0,1.0,0.0,0.0,1.0,0.0,0.0,0.0,1.0,0.0,0.13670000433921814
229,1.0,1.0,0.1428571428571428,0.0,1.0,0.0,0.0,0.0,1.0,0.0,0.16120000183582306
230,1.0,1.0,0.4285714285714285,0.0,1.0,0.0,0.0,0.0,1.0,0.0,0.16259999573230743
231,1.0,1.0,1.0,0.0,1.0,0.0,0.0,0.0,1.0,0.0,0.1597999930381775
232,0.0,0.3333333333333333,0.0,0.0,1.0,0.0,0.0,0.0,0.0,1.0,0.3440000116825104
233,0.0,0.3333333333333333,0.1428571428571428,0.0,1.0,0.0,0.0,0.0,0.0,1.0,0.41659998893737793
234,0.0,0.3333333333333333,0.4285714285714285,0.0,1.0,0.0,0.0,0.0,0.0,1.0,0.42899999022483826
235,0.0,0.3333333333333333,1.0,0.0,1.0,0.0,0.0,0.0,0.0,1.0,0.4733000099658966
236,0.0,0.6666666666666666,0.0,0.0,1.0,0.0,0.0,0.0,0.0,1.0,0.3758000135421753
237,0.0,0.6666666666666666,0.1428571428571428,0.0,1.0,0.0,0.0,0.0,0.0,1.0,0.436599999666214
238,0.0,0.6666666666666666,0.4285714285714285,0.0,1.0,0.0,0.0,0.0,0.0,1.0,0.46380001306533813
239,0.0,0.6666666666666666,1.0,0.0,1.0,0.0,0.0,0.0,0.0,1.0,0.47099998593330383
240,0.0,1.0,0.0,0.0,1.0,0.0,0.0,0.0,0.0,1.0,0.3758000135421753
241,0.0,1.0,0.1428571428571428,0.0,1.0,0.0,0.0,0.0,0.0,1.0,0.436599999666214
242,0.0,1.0,0.4285714285714285,0.0,1.0,0.0,0.0,0.0,0.0,1.0,0.46380001306533813
243,0.0,1.0,1.0,0.0,1.0,0.0,0.0,0.0,0.0,1.0,0.47099998593330383
244,1.0,0.3333333333333333,0.0,0.0,1.0,0.0,0.0,0.0,0.0,1.0,0.16030000150203705
245,1.0,0.3333333333333333,0.1428571428571428,0.0,1.0,0.0,0.0,0.0,0.0,1.0,0.1737000048160553
246,1.0,0.3333333333333333,0.4285714285714285,0.0,1.0,0.0,0.0,0.0,0.0,1.0,0.20389999449253082
247,1.0,0.3333333333333333,1.0,0.0,1.0,0.0,0.0,0.0,0.0,1.0,0.24560000002384186
248,1.0,0.6666666666666666,0.0,0.0,1.0,0.0,0.0,0.0,0.0,1.0,0.1581999957561493
249,1.0,0.6666666666666666,0.1428571428571428,0.0,1.0,0.0,0.0,0.0,0.0,1.0,0.14830000698566437
250,1.0,0.6666666666666666,0.4285714285714285,0.0,1.0,0.0,0.0,0.0,0.0,1.0,0.1737000048160553
251,1.0,0.6666666666666666,1.0,0.0,1.0,0.0,0.0,0.0,0.0,1.0,0.21480000019073486
252,1.0,1.0,0.0,0.0,1.0,0.0,0.0,0.0,0.0,1.0,0.14380000531673431
253,1.0,1.0,0.1428571428571428,0.0,1.0,0.0,0.0,0.0,0.0,1.0,0.14830000698566437
254,1.0,1.0,0.4285714285714285,0.0,1.0,0.0,0.0,0.0,0.0,1.0,0.1737000048160553
255,1.0,1.0,1.0,0.0,1.0,0.0,0.0,0.0,0.0,1.0,0.21480000019073486
